5.545685553898402
4.127272533209023
3.7729164336243803
3.626086349534357
3.549710291279882
3.5023989222293306
3.4686101197570944
3.4425812150793944
3.422193950403785
3.403006106733446
3.3872290897138924
3.373777417990505
3.360714677694421
3.345814262808841
3.3229563876272588
3.3063575466977997
3.293241418490215
3.282412203076533
3.270063370281417
3.258474005342814
3.2483336165722263
3.2374866462755536
3.2272830910727106
3.2102988971853432
3.1999976530241345
3.190667132892368
3.1766879403922137
3.164618310593731
3.1561237679689347
3.1408469619129433
3.127667660806679
3.115270932834677
3.098776387000515
3.084241243765298
3.0687931266966615
3.056895411406184
3.0421641347813546
3.024636844018762
3.0128419872243866
2.9927958974141764
2.9790086731839995
2.9601239547740197
2.9437774235679983
2.928507380342104
2.912229044096053
2.891152693000664
2.8748806069931483
2.8551067112293604
2.8330410851818413
2.8130728564787963
2.7906815428595024
2.7710962660894105
2.7482655728917362
2.7270457650372983
2.70797902942952
2.6837991970126827
2.662008931271586
2.637427570274286
2.6119681237876717
2.5900029226156693
2.5638634639015967
2.539580544615664
