5.479159125729841
4.114968396876781
3.756567820578077
3.6074690783789625
3.516273531517677
3.4623121942943516
3.428886611748112
3.4045738156022916
3.384781084696317
3.3682102849808304
3.352675053539031
3.3402743873072507
3.329985044580817
3.320801419330901
3.3094087396981045
3.2976661776773395
3.2896374059348523
3.279031566024542
3.271962489427083
3.2572759427575484
3.247905964913598
3.239499500560518
3.2299634979979386
3.216425636515692
3.205546636825324
3.193870012849378
3.1831915392004744
3.173546719244979
3.159625259538187
3.1486900962164572
3.1349928097566186
3.120184295647258
3.105745481542036
3.0929810686880104
3.079976441958053
3.066667393449764
3.0485148523694043
3.0369068327120363
3.020305485038255
3.0031695164921466
2.9864607163533767
2.9724411032836855
2.9527839557636937
2.9379766642705056
2.9178790122436604
2.898555708120107
2.877525787705488
2.8578610915345424
2.8411654020073227
2.821111648778116
2.801395420111185
2.7810552471967083
2.7577226968497444
2.736569092390537
2.715577489273001
2.693356374844726
2.667395385464215
2.6481750649896436
2.622599863477403
2.597827318443779
2.571044284104133
2.547443098530945
2.517778223320691
2.494904829717026
2.4679930467475257
2.442925870671963
2.4119955807666553
2.3857208708142688
2.353270433952205
2.327779773313418
2.2975238997787257
2.26645639045923
2.236674029537813
2.2033809677537772
2.1713740100095316
2.136952546371066
2.1054173381854078
2.069015399548416
2.034760711179066
2.0003220501825174
1.9630085701584088
1.9240081050804823
1.8877532630938423
1.847575393160477
1.806672609095417
1.767468772924761
1.7262842068917048
1.6843194884377108
1.6395099040082084
1.5918752277504016
1.5440305357074309
1.498620880411644
1.4509499255930025
1.403525768636727
1.358980739106815
1.315274284113693
1.2787563289958146
1.2475366541369783
1.2269712597732374
1.2132951969812018
