5.51310744180399
4.124331472444739
3.7476741783603855
3.5888022810113087
3.5065494488623092
3.4583529250335827
3.4273074590695893
3.402471243151937
3.385901599276395
3.3717720183227677
3.3604931745685516
3.346716669499177
3.3379493476754094
3.3315674458549585
3.322390249928792
3.315553618820538
3.308407086422306
3.3021200995360553
3.2928704774100392
3.2905970125727984
3.282978343588009
3.273541560796486
3.267779690596692
3.2627066038300714
3.2557640330101307
3.2485679573468382
3.2409241597172516
3.2351046118677202
3.2279470036117575
3.2221762407384182
3.216264276407926
3.2100053904748855
3.2015810337439374
3.1968278551874687
3.188678975011185
3.1825183510111974
3.1749788927421734
3.1670623899531267
3.1585628157881125
3.1508313903941527
3.142629765724097
3.136298244218312
3.1289155121285788
3.119504577632034
3.109092763450208
3.1036853461055363
3.0941162493642254
3.0847314853190815
3.0761468928369715
3.0683747193858073
3.0594506747119863
3.0465236493128813
3.0398590044404723
3.0274128892480348
3.019797695833541
3.006063405255292
3.0000824534274373
2.9869406931680187
2.9755178998365146
2.9666758069435515
2.954723552252527
2.9425993654770246
2.931808913048098
2.920455539759424
2.9086451342898987
2.898716295354565
2.8873452100848342
2.8733377369349338
2.863065269119295
2.8476604067526243
2.8365828518333522
2.8250924798171146
2.8109400342789534
2.79474576235839
2.784655315033498
2.768852124407119
2.7558692352059726
2.7419363661036518
2.7292372280231874
2.714233927055736
2.697240526782827
2.684340114019746
2.668353704635656
2.6578718076191223
2.6386550594153126
2.625233316872938
2.607957659799767
2.590329087463228
2.5774583968610614
2.5638641629830863
2.5431805124776488
2.5278865340334082
2.5104425825584897
2.493364964846649
2.4778537667753877
2.4551925414589646
2.438982070958628
2.423416651822715
2.4056341055867976
2.3833256387702346
2.366602769142572
2.3470420543363177
2.329733010625195
2.3108243340394643
2.2888849710677253
2.268018930961713
2.250694860060289
2.2303137580923864
2.208003415002239
2.1873869243028725
2.1648567242161967
2.1456688382580364
2.1220105776854137
2.0982938277327694
2.0787228411691787
2.053832775866858
2.03100898543842
2.0086305920306162
1.9844041574404645
1.9583102447334655
1.9363906098745554
1.9109202155149878
1.8874912962585804
1.8598073803370163
1.8342954118000832
1.8072652107395646
1.7783401046075908
1.7532239332151545
1.725919791419823
1.697309202526376
1.6661254477143224
1.6354659164160774
1.6078532148501044
1.575326290403222
1.5426973626030074
1.5137577135036229
1.483345735605107
1.4445531619655798
1.4125885860209406
1.3783814960479475
1.3460967611413277
1.3104532862239369
1.2783580292775665
1.2438882476769575
1.2191505826239646
1.189816814732398
1.1694578853308628
1.1542250270362049
1.1426245522976586
